1001 -1 false - Inventory 1 - 1265 10 1351 10 1349 10 1353 10 1363 10 1365 10 1369 10 
1002 -1 false - Inventory 2 - 1103 10 1101 10 1139 10 1137 10 1117 10 1115 10 1173 10 1175 10 1075 10 1067 10 1087 10 1081 10 1119 10 1125 10 1121 10 
1003 -1 false - Inventory 3 - 1931 30 1935 10 1735 10 1925 30 1923 10 1887 10 590 10 1755 10 2347 10 550 10 9003 10 
1004 -1 false - Inventory 4 - 1931 30 1935 10 1735 10 1925 30 1923 10 1887 10 590 10 1755 10 2347 10 550 10 9003 10 
1005 -1 false - Inventory 5 - 554 300 555 300 556 300 557 300 558 100 559 100 562 30 560 10 
1006 -1 false - Inventory 6 - 1277 10 1279 10 1281 10 1283 10 1285 10 1287 10 1291 10 1293 10 1295 10 1297 10 1299 10 1301 10 1205 10 1203 10 1207 10 1217 10 1209 10 1211 10 
1007 -1 false - Inventory 7 - 882 1000 884 100 886 100 888 100 890 30 877 300 841 10 839 10 843 10 845 10 849 10 847 10 853 10 851 10 837 10 1129 10 1059 10 1061 10 1095 10 1133 10 1097 10 1131 10 
1008 -1 false - Inventory 8 - 1005 10 1129 10 1059 10 1061 10 1757 10 1013 10 1015 10 1011 10 1007 10 950 10 428 10 426 10 1733 10 1734 1000 
1009 -1 false - Inventory 9 - 1379 10 1389 10 1381 10 1383 10 1385 10 1387 10 
1010 -1 false - Inventory 10 - 1139 10 1137 10 1141 10 1143 10 1145 10 1155 10 1153 10 1157 10 1165 10 1159 10 1161 10 
1011 -1 false - Inventory 11 - 1321 10 1323 10 1325 10 1329 10 
1012 -1 false - Inventory 12 - 1075 10 1067 10 1069 10 1077 10 1071 10 1073 10 
1013 -1 false - Inventory 13 - 1931 30 1935 10 1735 10 1925 30 1923 10 1887 10 590 10 1755 10 2347 10 550 10 9003 10 
1014 -1 false - Inventory 14 - 2347 10 1265 10 436 0 438 0 440 0 453 0 2349 0 2351 0 2357 0 
1015 -1 false - Inventory 15 - 1171 10 1173 10 1189 10 1175 10 1191 10 1177 10 1193 10 1181 10 
1016 -1 false - Inventory 16 - 1087 10 1081 10 1083 10 1089 10 1085 10 1091 10 
1017 -1 false - Inventory 17 - 1931 30 1935 10 1735 10 1925 30 1923 10 1887 10 590 10 1755 10 2347 10 550 10 9003 10 
160 995 false - Valaine's Shop of Champions - 1021 10 1165 10 1077 10 1123 10 
1019 -1 false - Inventory 19 - 1422 10 1420 10 1424 10 1428 10 1430 10 
1021 -1 false - Inventory 21 - 1375 10 1363 10 1365 10 1367 10 1369 10 1371 10 
1022 -1 false - Inventory 22 - 1103 10 1101 10 1105 10 1107 10 1109 10 1111 10 
1023 -1 false - Inventory 23 - 1931 30 1935 10 1735 10 1925 30 590 10 1755 10 2347 10 
1024 -1 false - Inventory 24 - 1931 30 1935 10 1735 10 1925 30 1923 10 1887 10 590 10 1755 10 2347 10 550 10 9003 10 
1025 -1 false - Inventory 25 - 554 300 555 300 556 300 557 300 558 100 559 100 562 30 560 10 221 300 579 10 1017 10 
1026 -1 false - Inventory 26 - 1623 0 1621 0 1619 0 1617 0 1607 0 1605 0 1603 0 1601 0 
1027 -1 false - Inventory 27 - 1755 10 1592 10 1597 10 1595 10 1733 10 1734 1000 1599 10 2976 10 5523 10 9434 10 11065 10 
1028 -1 false - Inventory 28 - 1635 0 1637 0 1639 0 1641 0 1643 0 1654 0 1656 0 1658 0 1660 0 1662 0 1692 0 1694 0 1696 0 1698 0 1700 0 11069 0 11076 0 11085 0 11072 0 11092 0 
1029 -1 false - Inventory 29 - 1917 10 431 10 1993 10 
1030 -1 false - Inventory 30 - 303 10 307 10 309 10 311 1000 301 10 13431 10 313 1000 314 1000 317 0 327 10 345 0 321 0 335 0 349 0 331 0 359 0 377 0 371 0 
1031 -1 false - Inventory 31 - 1931 30 1935 10 1735 10 1925 30 1923 10 1887 10 590 10 1755 10 2347 10 550 10 9003 10 
1032 -1 false - Inventory 32 - 1755 10 1592 10 1597 10 1595 10 1733 10 1734 1000 1599 10 2976 10 5523 10 9434 10 11065 10 
1033 -1 false - Inventory 33 - 1093 10 1079 10 1432 10 1113 10 1303 10 1289 10 1099 10 1065 10 1169 10 
1034 995 true - Nardah General Store - 1931 30 1935 10 1735 10 1925 30 1923 10 1887 10 590 10 1755 10 2347 10 
1035 -1 false - Inventory 35 - 1127 10 1135 10 
1036 -1 false - Inventory 36 - 1305 10 1215 30 
1037 -1 false - Inventory 37 - 1641 10 
1038 -1 false - Inventory 38 - 1931 30 1935 10 1735 10 1925 30 1923 10 1887 10 590 10 1755 10 2347 10 550 10 9003 10 
1039 -1 false - Inventory 39 - 1307 10 1309 10 1311 10 1313 10 1315 10 1317 10 
1040 -1 false - Inventory 40 - 229 10 15362 6 233 10 221 10 15364 20 
1041 -1 false - Inventory 41 - 1931 30 1935 10 590 10 1755 10 2347 10 1265 10 1351 10 
1042 -1 false - Inventory 42 - 2283 10 
1043 -1 false - Inventory 43 - 303 10 307 10 311 1000 301 10 313 1000 305 10 317 0 327 0 345 0 353 0 341 0 321 0 359 0 377 0 363 0 371 0 383 0 
1045 -1 false - Inventory 45 - 1377 10 1434 10 
1046 -1 false - Inventory 46 - 1718 0 1727 0 1729 0 1725 0 1731 0 
1047 -1 false - Inventory 47 - 1925 30 1265 10 1923 10 1887 10 590 10 1755 10 2347 10 954 10 1931 30 946 10 
1048 -1 false - Inventory 48 - 36 10 
1049 -1 false - Inventory 49 - 877 300 882 1000 884 100 886 0 888 0 890 0 892 0 4773 0 4778 0 4783 0 4788 0 4793 0 4798 0 4803 0 39 100 40 100 41 100 42 100 43 30 44 10 841 10 839 10 837 10 843 10 845 10 4827 10 1133 10 1097 10 
1050 -1 false - Inventory 50 - 229 10 15362 6 233 10 221 10 15364 20 
1051 -1 false - Inventory 51 - 1379 10 1389 10 1381 10 1383 10 1385 10 1387 10 
1052 -1 false - Inventory 52 - 1623 0 1621 0 1619 0 1617 0 1607 0 1605 0 1603 0 1601 0 
1053 -1 false - Inventory 53 - 1117 10 1115 10 1119 10 1125 10 1121 10 
1054 -1 false - Inventory 54 - 2309 10 1891 10 1901 10 1973 100 
1057 -1 false - Inventory 57 - 227 10 15363 6 1265 10 1349 10 2142 10 590 10 1759 100 882 1000 954 10 970 10 946 10 1935 10 
1059 -1 false - Inventory 59 - 948 10 958 10 10117 0 10121 0 10119 0 10123 0 10093 0 10095 0 10097 0 10099 0 10101 0 10103 0 
1060 -1 false - Inventory 60 - 313 1000 314 1000 341 0 353 0 363 0 359 0 377 0 371 0 339 0 355 0 365 0 361 0 379 0 373 0 
1061 -1 false - Inventory 61 - 1265 10 1931 30 1935 10 1735 10 1925 30 590 10 1755 10 2347 10 954 10 1933 500 583 30 1941 1000 946 10 
1062 -1 false - Inventory 62 - 1931 30 1265 10 1935 10 1735 10 1925 30 590 10 1755 10 2347 10 882 1000 2142 10 
1063 -1 false - Inventory 63 - 1949 10 579 10 1023 10 958 10 948 10 1733 10 1734 1000 1059 10 1061 10 428 10 426 10 1757 10 1013 10 1015 10 1011 10 1007 10 1025 10 10088 0 10090 0 10091 0 10089 0 10087 0 11525 0 
1064 -1 false - Inventory 64 - 556 1000 555 1000 557 1000 554 1000 558 1000 559 1000 562 300 561 300 560 1000 563 100 565 100 566 100 1387 10 1383 10 1381 10 1385 10 
1065 -1 false - Inventory 65 - 590 10 36 10 596 10 1931 30 954 10 1129 10 1059 10 1061 10 2142 10 2309 10 229 300 227 300 233 10 175 10 970 10 973 10 946 10 2347 10 975 10 1755 10 952 10 1351 10 1265 10 1349 10 
1066 -1 false - Inventory 66 - 882 1000 877 1000 841 10 839 10 837 10 39 300 40 300 41 100 42 100 1349 10 1353 10 1363 10 1365 10 1369 10 1307 10 1309 10 1311 10 1313 10 1315 10 1317 10 
1067 -1 false - Inventory 67 - 2313 10 1955 0 1887 10 1923 10 1942 10 590 10 1935 10 1931 30 1973 10 1933 500 1980 10 
1068 -1 false - Inventory 68 - 1265 10 1267 10 1269 10 1273 10 1271 10 1275 10 
1069 -1 false - Inventory 69 - 1978 10 
1070 -1 false - Inventory 70 - 1931 30 1935 10 946 10 1925 30 590 10 1755 10 2347 10 
1071 -1 false - Inventory 71 - 229 10 15362 6 233 10 221 10 15364 20 
1072 -1 false - Inventory 72 - 1714 10 442 0 2355 0 
1073 -1 false - Inventory 73 - 1607 0 1605 0 1603 0 1601 0 
1074 -1 false - Inventory 74 - 2007 10 946 10 1550 10 
1076 -1 false - Inventory 76 - 1933 500 2132 10 2138 10 1965 10 1963 0 1951 0 2309 10 1973 10 1985 10 1982 10 1942 10 1550 10 
1077 995 false - Bedabin Village Bartering - 1823 30 1831 30 1937 10 1921 10 1929 10 946 10 2347 10 
1078 -1 false - Inventory 78 - 1823 30 1831 30 1937 10 1921 10 1929 10 946 10 1833 10 1835 10 1837 10 2349 0 314 1000 2347 10 1925 30 1923 10 1935 10 1854 300 954 100 
1079 -1 false - Inventory 79 - 6 10 8 10 10 10 12 10 5 10 4 10 
1080 -1 false - Inventory 80 - 52 1000 39 300 40 300 41 100 42 100 43 100 44 30 882 1000 884 300 886 300 888 100 890 100 892 100 4773 0 4778 0 4783 0 4788 0 4793 0 4798 0 4803 0 841 10 843 10 849 10 839 10 845 10 847 10 4827 10 
1081 -1 false - Inventory 81 - 1129 10 1131 10 1133 10 1095 10 1097 10 1169 10 1167 10 1063 10 
1082 -1 false - Inventory 82 - 825 1000 826 1000 827 300 828 300 829 100 830 100 800 1000 801 1000 802 300 803 300 804 100 805 100 
1083 -1 false - Inventory 83 - 373 10 2323 10 121 10 886 10 
1084 -1 false - Inventory 84 - 299 500 1590 10 1542 10 2368 10 1052 10 
1085 -1 false - Inventory 85 - 307 10 309 10 313 1000 314 1000 335 0 349 0 331 0 
1086 -1 false - Inventory 86 - 646 30 648 30 650 30 652 30 654 30 656 30 658 30 660 30 662 30 664 30 636 30 638 30 640 30 642 30 644 30 626 30 628 30 630 30 632 30 634 30 
1087 -1 false - Inventory 87 - 882 1000 877 300 880 0 841 10 839 10 837 10 39 100 40 100 41 100 42 100 1349 10 1353 10 1363 10 1365 10 1369 10 1307 10 1309 10 1311 10 1313 10 1315 10 1317 10 
1088 -1 false - Inventory 88 - 2021 10 2019 10 2015 10 2017 10 2114 10 2128 10 2108 10 2102 10 2120 10 2126 10 2025 10 1973 10 1975 10 2130 10 1927 10 946 10 2023 10 2026 10 
1089 -1 false - Inventory 89 - 2171 10 2128 10 1933 10 2169 10 1957 10 1942 10 1965 10 1982 10 1985 10 6297 10 6299 10 2120 10 2108 10 2102 10 2114 10 2126 10 2025 10 1973 10 1975 10 2130 10 1927 10 946 10 2167 10 2164 10 2165 10 2166 10 
1099 -1 false - Inventory 99 - 2028 10 2030 10 2032 10 2034 10 2036 10 2038 10 2040 10 
1100 -1 false - Inventory 100 - 2227 10 2219 10 2221 10 2225 10 2223 10 2233 10 2231 10 2235 10 2229 10 2237 10 2243 10 2239 10 2241 10 
1101 -1 false - Inventory 101 - 1205 1 1277 1 1321 1 1291 1 1307 1 
1102 -1 false - Inventory 102 - 1351 1 1422 1 1337 1 1375 1 
1103 -1 false - Inventory 103 - 1103 1 1075 1 1087 1 1117 1 
1104 -1 false - Inventory 104 - 1139 1 1155 1 1173 1 1189 1 4819 15 
1105 -1 false - Inventory 105 - 819 10 39 15 864 5 1794 1 
1106 -1 false - Inventory 106 - 1203 1 1279 1 1323 1 1293 1 1309 1 
1107 -1 false - Inventory 107 - 1349 1 1420 1 1335 1 1363 1 
1108 -1 false - Inventory 108 - 1101 1 1067 1 1081 1 1115 1 
1109 -1 false - Inventory 109 - 1137 1 1153 1 1175 1 1191 1 4820 15 
1110 -1 false - Inventory 110 - 820 10 40 15 863 5 7225 1 
1111 -1 false - Inventory 111 - 1207 1 1281 1 1325 1 1295 1 1311 1 
1112 -1 false - Inventory 112 - 1353 1 1424 1 1339 1 1365 1 
1113 -1 false - Inventory 113 - 1105 1 1069 1 1083 1 1119 1 
1114 -1 false - Inventory 114 - 1141 1 1157 1 1177 1 1193 1 1539 15 
1115 -1 false - Inventory 115 - 821 10 41 15 865 5 2370 1 
1116 -1 false - Inventory 116 - 1209 1 1285 1 1329 1 1299 1 1315 1 
1117 -1 false - Inventory 117 - 1355 1 1428 1 1343 1 1369 1 
1118 -1 false - Inventory 118 - 1109 1 1071 1 1085 1 1121 1 
1119 -1 false - Inventory 119 - 1143 1 1159 1 1181 1 1197 1 4822 15 
1120 -1 false - Inventory 120 - 822 10 42 15 866 5 
1121 -1 false - Inventory 121 - 1211 1 1287 1 1331 1 1301 1 1317 1 
1122 -1 false - Inventory 122 - 1357 1 1430 1 1345 1 1371 1 
1123 -1 false - Inventory 123 - 1111 1 1073 1 1091 1 1123 1 
1124 -1 false - Inventory 124 - 1145 1 1161 1 1183 1 1199 1 4823 15 
1125 -1 false - Inventory 125 - 823 10 43 15 867 5 
1126 -1 false - Inventory 126 - 1213 1 1289 1 1333 1 1303 1 1319 1 
1127 -1 false - Inventory 127 - 1359 1 1432 1 1347 1 1373 1 
1128 -1 false - Inventory 128 - 1113 1 1079 1 1093 1 1127 1 
1129 -1 false - Inventory 129 - 1147 1 1163 1 1185 1 1201 1 4824 15 
1130 -1 false - Inventory 130 - 824 10 44 15 868 5 
1131 -1 false - Inventory 131 - 554 1000 555 1000 556 1000 557 1000 558 1000 559 1000 561 300 562 300 563 100 564 100 560 300 
1132 -1 false - Inventory 132 - 2415 10 2416 10 2417 10 
1135 -1 false - Inventory 135 - 2518 100 
1137 -1 false - Inventory 137 - 2520 10 2522 10 2524 10 2526 10 4613 10 12844 10 20179 10 20180 100 20720 50 20722 400 20716 10 20718 10 20725 10 24144 10 24406 10 24408 10 24410 10 24412 10 24414 10 24416 10 
1138 -1 false - Inventory 138 - 590 10 229 10 15362 20 233 10 1931 30 1351 10 1265 10 1349 10 1129 10 1059 10 1061 10 2142 10 2309 10 952 10 36 10 596 10 1755 10 2347 10 970 10 973 10 227 10 15363 20 975 10 954 10 
1139 -1 false - Inventory 139 - 1931 30 954 10 1265 10 1925 30 590 10 2347 10 1061 10 839 10 882 100 329 10 2327 10 2309 10 2142 10 
1143 -1 false - Inventory 143 - 2132 100 2138 30 2134 10 2136 10 335 0 349 0 331 0 383 0 
1144 -1 false - Inventory 144 - 2894 10 2896 10 2898 10 2900 10 2902 10 2904 10 2906 10 2908 10 2910 10 2912 10 2914 10 2916 10 2918 10 2920 10 2922 10 2924 10 2926 10 2928 10 2930 10 2932 10 2934 10 2936 10 2938 10 2940 10 2942 10 1007 10 1019 10 1021 10 1023 10 1027 10 
1145 -1 false - Inventory 145 - 1733 10 1734 1000 1931 30 1925 30 1935 10 590 10 1755 10 2347 10 3377 10 946 10 
1146 -1 false - Inventory 146 - 1755 10 1592 10 1597 10 1595 10 1733 10 1734 1000 1599 10 5523 10 
1147 -1 false - Inventory 147 - 1755 10 1592 10 1597 10 1595 10 1733 10 1734 1000 1599 10 5523 10 
1148 -1 false - Inventory 148 - 1931 30 1935 10 1735 10 1925 30 590 10 1755 10 2347 10 946 10 1980 10 
1149 -1 false - Inventory 149 - 1905 10 1907 10 1913 10 
1150 -1 false - Inventory 150 - 3095 1 
1151 -1 false - Inventory 151 - 3096 1 
1152 -1 false - Inventory 152 - 3097 1 
1153 -1 false - Inventory 153 - 3099 1 
1154 -1 false - Inventory 154 - 3100 1 
1155 -1 false - Inventory 155 - 3101 1 
1156 -1 false - Inventory 156 - 3142 10 3157 10 
1157 -1 false - Inventory 157 - 347 10 339 10 361 10 379 10 373 10 3144 10 
1158 -1 false - Inventory 158 - 3170 10 3171 10 3172 10 3173 10 3174 10 3175 10 3188 10 
1159 -1 false - Inventory 159 - 1931 30 1935 10 1735 10 590 10 2309 10 3190 10 3192 10 3194 10 3196 10 3198 10 3200 10 3202 10 
1160 -1 false - Inventory 160 - 1931 30 1935 10 1735 10 590 10 2309 10 3190 10 3192 10 3194 10 3196 10 3198 10 3200 10 3202 10 3204 10 
1174 -1 false - Inventory 174 - 303 10 311 10 2309 10 1931 30 1927 10 1733 10 1734 1000 1917 10 1785 10 946 10 
1208 995 false - Yrsa's Accoutrements - 3775 10 3773 10 3767 10 3769 10 3771 10 3793 10 3795 10 3797 10 3799 10 3791 10 3765 10 3763 10 3761 10 3759 10 3777 10 3779 10 3781 10 3783 10 3785 10 3787 10 3789 10 
1209 -1 false - Inventory 209 - 1917 10 3803 10 3801 10 
1210 -1 false - Inventory 210 - 1337 10 1335 10 1339 10 1341 10 1343 10 1345 10 1347 0 3749 10 3751 10 3753 10 3755 10 
1211 -1 false - Inventory 211 - 590 10 954 10 233 10 1931 30 2142 10 2309 10 952 10 36 10 1755 10 2347 10 229 10 15362 6 227 10 15363 6 1925 30 1929 10 1944 10 1942 10 1965 10 
1212 -1 false - Inventory 212 - 303 10 307 10 309 10 311 30 301 10 313 1000 314 1000 305 10 317 10 327 10 345 0 353 0 341 0 321 0 335 0 349 0 331 0 359 0 377 0 363 0 371 0 383 0 
1213 -1 false - Inventory 213 - 948 10 958 10 10117 0 10121 0 10119 0 10123 0 10093 0 10095 0 10097 0 10099 0 10101 0 10103 0 
1214 -1 false - Inventory 214 - 954 10 2347 10 1755 10 946 10 952 10 590 10 36 10 273 10 233 10 1931 30 1925 30 1929 10 1935 10 1937 300 229 10 15362 20 227 10 15363 20 2019 10 2021 10 2015 10 1915 10 2017 10 1909 10 1913 10 1907 10 
1217 -1 false - Inventory 217 - 303 10 307 10 309 10 311 30 301 10 313 1000 314 1000 305 10 317 0 327 10 345 0 353 0 341 0 321 0 335 0 349 0 331 0 359 0 377 0 363 0 371 0 383 0 
1218 -1 false - Inventory 218 - 1965 10 1942 10 1957 10 1982 10 1550 10 
1219 -1 false - Inventory 219 - 303 10 307 10 309 10 311 30 301 10 313 1000 314 1000 305 10 317 0 327 10 345 0 353 0 341 0 321 0 335 0 349 0 331 0 359 0 377 0 363 0 371 0 383 0 
1220 -1 false - Inventory 220 - 1965 0 1942 0 1957 0 1982 0 1550 0 
1223 -1 false - Inventory 223 - 554 1000 555 1000 556 1000 557 1000 563 100 4008 10 4006 10 4023 10 
1224 -1 false - Inventory 224 - 1321 10 1323 10 1325 10 1329 10 
1225 -1 false - Inventory 225 - 4012 100 1963 10 4016 10 4014 100 
1226 -1 false - Inventory 226 - 1755 10 1592 10 1597 10 4020 10 1733 10 1734 1000 1759 100 11065 10 
1227 -1 false - Inventory 227 - 1931 30 1935 10 954 10 1925 30 590 10 2347 10 
1228 -1 false - Inventory 228 - 47 30 1133 1 892 50 1169 1 1135 1 829 20 
1231 -1 false - Inventory 231 - 4155 300 4156 10 4158 10 4160 3000 4161 1000 4162 10 4164 10 4166 10 4168 10 4170 10 4551 10 6664 1000 6696 1000 6720 10 7051 10 7159 10 7421 10 7432 1000 8923 10 10952 10 23035 10 
1232 -1 false - Inventory 232 - 4089 10 4091 10 4093 10 4095 10 4097 10 
1235 -1 false - Inventory 235 - 1931 300 1925 300 1735 10 1935 10 590 10 1755 10 2347 10 
1236 -1 false - Inventory 236 - 4315 10 4335 10 4355 10 4375 10 4395 10 
1237 -1 false - Inventory 237 - 4317 10 4337 10 4357 10 4377 10 4397 10 
1238 -1 false - Inventory 238 - 4319 10 4339 10 4359 10 4379 10 4399 10 
1239 -1 false - Inventory 239 - 4321 10 4341 10 4361 10 4381 10 4401 10 
1240 -1 false - Inventory 240 - 4323 10 4343 10 4363 10 4383 10 4403 10 
1241 -1 false - Inventory 241 - 4325 10 4345 10 4365 10 4385 10 4405 10 
1242 -1 false - Inventory 242 - 4327 10 4347 10 4367 10 4387 10 4407 10 
1243 -1 false - Inventory 243 - 4329 10 4349 10 4369 10 4389 10 4409 10 
1244 -1 false - Inventory 244 - 4331 10 4351 10 4371 10 4391 10 4411 10 
1245 -1 false - Inventory 245 - 4333 10 4353 10 4373 10 4393 10 4413 10 
1248 -1 false - Inventory 248 - 4540 1 
1249 -1 false - Inventory 249 - 4544 1 
1250 -1 false - Inventory 250 - 886 100 888 30 890 0 843 10 845 10 849 10 847 10 853 10 851 10 
1251 -1 false - Inventory 251 - 1321 10 1323 10 1325 10 1329 10 4587 10 
1252 -1 false - Inventory 252 - 1931 30 1935 10 1825 30 1833 10 1837 10 1925 30 4593 10 4591 10 970 10 946 10 590 10 1265 10 2138 10 
1254 995 true - Pollnivneach General Store - 1931 30 1935 10 1825 30 1833 10 1837 10 1925 30 4593 10 4591 10 1985 10 2120 10 1982 10 1937 10 1921 10 1929 10 
1255 -1 false - Inventory 255 - 1823 30 1831 30 1937 10 1921 10 1929 10 1935 10 1923 10 1925 30 1837 10 1833 10 1835 10 946 10 
1256 -1 false - Inventory 256 - 1969 10 2023 10 660 10 1215 30 550 10 583 10 1941 10 273 10 970 10 975 10 1599 10 2976 10 1823 30 1837 10 1854 300 2524 10 3377 10 2894 10 1909 10 3787 10 3801 10 3678 10 3424 10 3420 10 5 10 
1257 -1 false - Inventory 257 - 4627 10 
1258 -1 false - Inventory 258 - 4684 10 1833 10 1835 10 950 10 1734 1000 1733 10 
1259 -1 false - Inventory 259 - 4740 100 
1260 -1 false - Inventory 260 - 4844 10 10927 0 1777 0 2876 0 2878 10 4850 0 946 10 4773 0 4778 0 4783 0 4788 0 4793 0 4798 0 4803 0 4827 10 
1261 -1 false - Inventory 261 - 1337 10 1335 10 1339 10 1341 10 1343 10 1345 10 
1262 -1 false - Inventory 262 - 1365 10 1369 10 1285 10 1287 10 1325 10 1297 10 1303 10 853 10 851 10 888 100 890 100 
1263 -1 false - Inventory 263 - 1105 10 1109 10 1107 10 1111 10 1141 10 1143 10 1145 10 1177 10 1195 10 
1264 -1 false - Inventory 264 - 1935 10 1925 30 590 10 1755 10 2347 10 36 10 596 10 973 10 1059 10 229 300 233 10 954 10 
1265 -1 false - Inventory 265 - 1265 10 1269 10 1273 10 1271 10 1275 10 
1266 -1 false - Inventory 266 - 5050 10 5052 10 5038 10 5040 10 5044 10 5046 10 5026 10 5028 10 5032 10 5034 10 
1267 -1 false - Inventory 267 - 2309 10 1891 10 1901 10 
1268 -1 false - Inventory 268 - 1755 10 1592 10 1597 10 1733 10 1734 1000 1759 100 
1269 -1 false - Inventory 269 - 1607 0 1605 0 1603 0 1601 0 
1270 -1 false - Inventory 270 - 1714 10 442 0 2355 0 
1271 -1 false - Inventory 271 - 5048 10 5036 10 5042 10 5024 10 5030 10 950 10 
49 995 false - Draynor Seed Market - 5318 10 5319 10 5324 10 5322 0 5320 0 5323 0 5321 0 5305 10 5306 10 5097 10 5096 10 5307 10 5308 10 5309 10 5310 10 5311 10 
1276 -1 false - Inventory 276 - 554 100 555 100 556 100 557 100 558 100 559 100 562 30 560 30 
1277 -1 false - Inventory 277 - 554 1000 555 1000 556 1000 557 1000 558 1000 562 300 560 100 565 100 
1279 -1 false - Inventory 279 - 954 10 1523 10 1755 10 946 10 5560 10 864 100 863 100 865 100 3095 100 3096 10 3097 10 
1280 995 true - Alice's Farming Shop - 5341 10 5343 10 5329 10 952 10 5325 10 5331 30 5354 100 6032 300 1925 100 5418 10 15367 1 5376 10 15366 1 1942 0 1957 0 1965 0 1982 0 5986 0 5504 0 5982 0 5994 0 5996 0 5998 0 6000 0 6002 0 5931 0 6006 0 6036 10 12622 10 
1281 -1 false - Inventory 281 - 5341 10 5343 10 5329 10 952 10 5325 10 5331 30 5354 100 6032 300 1925 100 5418 10 15367 1 5376 10 15366 1 1942 0 1957 0 1965 0 1982 0 5986 0 5504 0 5982 0 5994 0 5996 0 5998 0 6000 0 6002 0 5931 0 6006 0 6036 10 12622 10 
1282 -1 false - Inventory 282 - 5341 10 5343 10 5329 10 952 10 5325 10 5331 30 5354 100 6032 300 1925 100 5418 10 15367 1 5376 10 15366 1 1942 0 1957 0 1965 0 1982 0 5986 0 5504 0 5982 0 5994 0 5996 0 5998 0 6000 0 6002 0 5931 0 6006 0 6036 10 12622 10 
1283 -1 false - Inventory 283 - 5341 10 5343 10 5329 10 952 10 5325 10 5331 30 5354 100 6032 300 1925 100 5418 10 15367 1 5376 10 15366 1 1942 0 1957 0 1965 0 1982 0 5986 0 5504 0 5982 0 5994 0 5996 0 5998 0 6000 0 6002 0 5931 0 6006 0 6036 10 12622 10 
1301 -1 false - Inventory 301 - 1931 30 1935 10 1735 10 1925 30 590 10 1755 10 2347 10 952 10 946 10 
1302 -1 false - Inventory 302 - 1734 1000 1733 10 1759 100 1763 10 1765 10 1767 10 1769 10 1771 10 1773 10 
1303 -1 false - Inventory 303 - 884 1000 886 300 888 100 890 100 892 30 877 1000 843 10 845 10 837 10 849 10 847 10 
1304 -1 false - Inventory 304 - 2309 10 379 10 1993 10 1985 10 1891 10 
1305 -1 false - Inventory 305 - 6341 10 6343 10 6345 10 6349 10 6347 10 6313 10 6315 10 6317 10 6351 10 6353 10 6355 10 6357 10 6359 10 1625 0 1627 0 1629 0 6361 10 6363 10 6365 10 6367 10 6369 10 1609 0 1611 0 1613 0 6371 10 6373 10 6375 10 6377 10 6379 10 6311 0 
1306 -1 false - Inventory 306 - 2084 0 2092 0 2048 0 2054 0 2064 0 2074 0 2080 0 
1309 -1 false - Inventory 309 - 6408 30 6412 30 6418 30 6416 30 4600 30 
1310 -1 false - Inventory 310 - 6410 30 6414 30 6420 30 6416 30 4600 30 
1311 -1 false - Inventory 311 - 6392 30 6394 30 6396 30 6398 30 6400 30 6402 30 6404 30 6406 30 
1312 -1 false - Inventory 312 - 6382 30 6384 30 6386 30 6388 30 6390 30 
1313 -1 false - Inventory 313 - 554 300 555 300 556 300 557 300 
1314 -1 false - Inventory 314 - 561 300 563 300 562 300 560 100 558 300 559 300 565 100 564 300 566 100 
1318 995 false - Ore Seller - 436 100 438 100 440 100 447 100 442 100 444 100 453 100 
1319 -1 false - Inventory 319 - 1147 0 1163 0 1127 0 1079 0 1093 0 1185 0 1201 0 1113 0 1145 0 1161 0 1123 0 1073 0 1091 0 1183 0 1199 0 1111 0 1143 0 1159 0 1121 0 1071 0 1085 0 1181 0 1197 0 1109 0 
1320 -1 false - Inventory 320 - 1555 1 1556 1 1557 1 1558 1 1559 1 1560 1 
1325 -1 false - Inventory 325 - 6522 10 6523 10 6524 10 6525 10 6526 10 6527 10 6528 10 6568 10 
1326 -1 false - Inventory 326 - 438 5 436 5 440 2 1623 1 1621 1 6571 1 9194 50 
1327 -1 false - Inventory 327 - 554 1000 555 1000 556 1000 557 1000 558 1000 559 1000 562 300 560 100 
1328 -1 false - Inventory 328 - 6615 10 6625 10 6627 0 6621 0 6631 0 6623 0 6633 0 6617 0 6619 0 6629 0 6591 0 6605 0 6601 0 6603 0 6607 0 6613 0 6589 0 6611 0 6587 0 6609 0 6599 0 
1329 -1 false - Inventory 329 - 6615 10 6625 10 6627 0 6621 0 6631 0 6623 0 6633 0 6617 0 6619 0 6629 0 6591 10 6605 10 6601 0 6603 0 6607 0 6613 0 6589 0 6611 0 6587 0 6609 0 6599 0 
1330 -1 false - Inventory 330 - 6615 10 6625 10 6627 10 6621 10 6631 10 6623 0 6633 0 6617 0 6619 0 6629 0 6591 10 6605 10 6601 0 6603 0 6607 0 6613 0 6589 0 6611 0 6587 0 6609 0 6599 0 
1331 -1 false - Inventory 331 - 6615 10 6625 10 6627 10 6621 10 6631 10 6623 0 6633 0 6617 0 6619 0 6629 0 6591 10 6605 10 6601 10 6603 10 6607 10 6613 0 6589 0 6611 0 6587 0 6609 0 6599 0 
1332 -1 false - Inventory 332 - 6615 10 6625 10 6627 10 6621 10 6631 10 6623 10 6633 10 6617 10 6619 10 6629 10 6591 10 6605 10 6601 10 6603 10 6607 10 6613 0 6589 0 6611 0 6587 0 6609 0 6599 0 
1333 -1 false - Inventory 333 - 6615 10 6625 10 6627 10 6621 10 6631 10 6623 10 6633 10 6617 10 6619 10 6629 10 6591 10 6605 10 6601 10 6603 10 6607 10 6613 10 6589 10 6611 10 6587 10 6609 10 6599 10 
1334 -1 false - Inventory 334 - 2518 100 
1337 -1 false - Inventory 337 - 1714 1 
1338 -1 false - Inventory 338 - 1720 1 
1339 -1 false - Inventory 339 - 2961 1 
1340 -1 false - Inventory 340 - 4201 1 
1341 -1 false - Inventory 341 - 5525 1 
1342 -1 false - Inventory 342 - 6748 1 
1343 -1 false - Inventory 343 - 1931 30 1935 10 1735 10 1925 30 1923 10 1887 10 590 10 1755 10 2347 10 
1344 -1 false - Inventory 344 - 1093 10 1079 10 1113 10 1099 10 1065 10 1193 10 1151 10 
1345 995 false - Roc's Chocs Box - 6794 10 1973 10 
1346 -1 false - Inventory 346 - 2309 10 1891 10 1901 10 1973 100 
1347 -1 false - Inventory 347 - 6908 10 6910 10 6912 10 6914 10 6916 10 6918 10 6920 10 6922 10 6924 10 6889 10 6926 1 1391 100 4695 100 4696 100 4698 100 4697 100 4694 100 4699 100 564 100 562 300 561 100 560 100 563 100 566 100 565 100 6891 1 
1348 -1 false - Inventory 348 - 1321 10 1323 10 1325 10 1329 10 2347 10 
1349 -1 false - Inventory 349 - 1917 10 7157 10 1993 10 2003 10 
1350 -1 false - Inventory 350 - 317 10 327 10 345 10 353 10 341 10 321 10 359 0 377 0 363 0 371 0 
1351 -1 false - Inventory 351 - 7114 10 7110 10 7112 10 7116 10 7122 10 7124 10 7126 10 7128 10 7130 10 7132 10 7134 10 7136 10 7138 10 
1352 -1 false - Inventory 352 - 7162 10 2325 0 2327 0 7170 0 2323 0 7178 0 7188 0 7198 0 7208 0 7218 0 1933 100 2313 100 
1356 -1 false - Inventory 356 - 1973 30 1985 1 1982 1 1955 5 1987 1 1933 10 2283 1 1944 1 1927 1 2130 1 6697 1 2007 1 2313 1 1887 1 1923 1 1935 1 1931 1 1980 1 1925 1 
1357 -1 false - Inventory 357 - 1973 60 1985 2 1982 2 1955 10 1987 1 1933 20 2283 1 1944 2 1927 2 2130 2 6697 2 2007 2 2313 2 1887 2 1923 2 1935 2 1931 2 1980 2 1925 2 
1358 -1 false - Inventory 358 - 1973 90 1985 3 1982 3 1955 15 1987 2 1933 30 2283 1 1944 3 1927 3 2130 3 6697 3 2007 3 2313 3 1887 3 1923 3 1935 3 1931 3 1980 3 1925 3 
1359 -1 false - Inventory 359 - 1973 120 1985 4 1982 4 1955 20 1987 2 1933 40 2283 1 1944 4 1927 4 2130 4 6697 4 2007 4 2313 4 1887 4 1923 4 1935 4 1931 4 1980 4 1925 4 
1360 -1 false - Inventory 360 - 1973 150 1985 5 1982 5 1955 25 1987 3 1933 50 2283 1 1944 5 1927 5 2130 5 6697 5 2007 5 2313 5 1887 5 1923 5 1935 5 1931 5 1980 5 1925 5 
1361 -1 false - Inventory 361 - 1973 180 1985 6 1982 6 1955 30 1987 4 1933 60 2283 1 1944 6 1927 6 2130 6 6697 6 2007 6 2313 6 1887 6 1923 6 1935 6 1931 6 1980 6 1925 6 
1362 -1 false - Inventory 362 - 1973 210 1985 7 1982 7 1955 35 1987 4 1933 70 2283 1 1944 7 1927 7 2130 7 6697 7 2007 7 2313 7 1887 7 1923 7 1935 7 1931 7 1980 7 1925 7 
1363 -1 false - Inventory 363 - 1973 240 1985 8 1982 8 1955 40 1987 4 1933 80 2283 1 1944 8 1927 8 2130 8 6697 8 2007 8 2313 8 1887 8 1923 8 1935 8 1931 8 1980 8 1925 8 
1364 -1 false - Inventory 364 - 1973 270 1985 9 1982 9 1955 45 1987 5 1933 90 2283 1 1944 9 1927 9 2130 9 6697 9 2007 9 2313 9 1887 9 1923 9 1935 9 1931 9 1980 9 1925 9 
1365 -1 false - Inventory 365 - 1973 300 1985 10 1982 10 1955 50 1987 5 1933 100 2283 1 1944 10 1927 10 2130 10 6697 10 2007 10 2313 10 1887 10 1923 10 1935 10 1931 10 1980 10 1925 10 
1366 -1 false - Inventory 366 - 7453 10 7433 10 
1367 -1 false - Inventory 367 - 7453 10 7454 10 7433 10 7435 10 
1368 -1 false - Inventory 368 - 7453 10 7454 10 7455 10 7433 10 7435 10 7437 10 
1369 -1 false - Inventory 369 - 7453 10 7454 10 7455 10 7456 10 7433 10 7435 10 7437 10 7439 10 
1370 -1 false - Inventory 370 - 7453 10 7454 10 7455 10 7456 10 7457 10 7433 10 7435 10 7437 10 7439 10 7441 10 
1371 -1 false - Inventory 371 - 7453 10 7454 10 7455 10 7456 10 7457 10 7458 10 7433 10 7435 10 7437 10 7439 10 7441 10 7443 10 
1372 -1 false - Inventory 372 - 7453 10 7454 10 7455 10 7456 10 7457 10 7458 10 7459 10 7433 10 7435 10 7437 10 7439 10 7441 10 7443 10 7445 10 
1373 -1 false - Inventory 373 - 7453 10 7454 10 7455 10 7456 10 7457 10 7458 10 7459 10 7460 10 7433 10 7435 10 7437 10 7439 10 7441 10 7443 10 7445 10 7447 10 
1374 -1 false - Inventory 374 - 7453 10 7454 10 7455 10 7456 10 7457 10 7458 10 7459 10 7460 10 7461 10 7433 10 7435 10 7437 10 7439 10 7441 10 7443 10 7445 10 7447 10 7449 10 
1375 -1 false - Inventory 375 - 7453 10 7454 10 7455 10 7456 10 7457 10 7458 10 7459 10 7460 10 7461 10 7462 10 7433 10 7435 10 7437 10 7439 10 7441 10 7443 10 7445 10 7447 10 7449 10 7451 10 
1377 -1 false - Inventory 377 - 2952 1 2875 1 420 1 5763 1 1913 1 5755 1 1611 1 1609 1 1452 1 1448 1 
1378 -1 false - Inventory 378 - 2402 1 7547 1 552 1 2955 1 3844 1 333 1 351 1 1515 1 1456 1 1513 1 
1379 -1 false - Inventory 379 - 2407 1 1811 1 7548 1 7550 1 753 1 247 1 347 1 329 1 2126 1 7552 1 
1380 -1 false - Inventory 380 - 7554 1 857 1 438 1 440 1 3840 1 2126 1 7552 1 333 1 442 1 7560 1 
1381 -1 false - Inventory 381 - 7558 1 851 1 861 1 7562 1 3842 1 6018 1 5974 1 7556 1 1511 1 1297 1 
1382 -1 false - Inventory 382 - 7620 1 
1383 -1 false - Inventory 383 - 1351 10 590 10 3363 10 353 10 952 10 
1384 -1 false - Inventory 384 - 1993 10 1935 10 7919 10 
1385 -1 false - Inventory 385 - 1993 10 7810 10 7919 10 1935 10 
1386 -1 false - Inventory 386 - 1993 10 1935 10 
1387 -1 false - Inventory 387 - 825 300 826 300 827 100 828 100 829 250 830 10 39 100 40 100 41 100 42 30 43 30 44 10 
1388 -1 false - Inventory 388 - 554 1000 555 1000 556 1000 557 1000 558 1000 559 1000 562 300 560 100 
1389 -1 false - Inventory 389 - 1931 30 1935 10 1735 10 1925 30 1923 10 1887 10 590 10 1755 10 2347 10 1351 10 7934 50 
1391 -1 false - Inventory 391 - 1931 30 1935 10 1735 10 1925 30 1923 10 1887 10 590 10 1755 10 2347 10 
1392 -1 false - Inventory 392 - 3767 10 3769 10 3771 10 3773 10 3775 10 3793 10 3795 10 5050 10 5052 10 5038 10 5040 10 5044 10 5046 10 5026 10 5028 10 5032 10 5034 10 
1393 -1 false - Inventory 393 - 1917 10 5763 10 1993 10 1978 10 
1394 -1 false - Inventory 394 - 2309 10 1985 10 1965 10 1942 10 1957 10 1933 10 1973 10 1927 10 
36 995 false - Construction Supplies - 8794 10 8790 300 4819 300 4820 300 1539 300 
1396 -1 false - Inventory 396 - 3420 500 8786 30 8784 30 8788 30 
1397 -1 false - Inventory 397 - 8417 10 8419 10 8421 10 8423 10 8425 10 15237 10 8427 10 15239 10 8429 10 8431 1000 8433 10 8435 10 8437 10 8439 10 8441 10 8443 10 8445 10 8447 10 8449 10 8451 10 8453 10 8455 10 8457 10 8459 10 8461 10 
1399 -1 false - Inventory 399 - 8170 1 8315 1 8222 1 8121 1 8379 1 8037 1 8255 1 8163 1 8027 1 8259 1 8340 1 9822 1 8068 1 8333 1 8195 1 8363 1 8302 1 8123 1 8151 1 
1400 -1 false - Inventory 400 - 8309 1 8310 1 8115 1 8108 1 8246 1 8311 1 8312 1 8031 1 8116 1 8109 1 8313 1 8032 1 8117 1 8110 1 8247 1 8033 1 8314 1 8118 1 8111 1 8034 1 8112 1 8119 1 8035 1 8315 1 8120 1 8113 1 8248 1 8036 1 8357 1 8037 1 8114 1 8358 1 8121 1 8359 1 8360 1 8361 1 8362 1 8363 1 
1401 -1 false - Inventory 401 - 8319 1 8223 1 8239 1 8233 1 8240 1 8224 1 8384 1 8241 1 8038 1 8045 1 8225 1 8385 1 8242 1 8039 1 8046 1 8320 1 8234 1 8226 1 8386 1 8243 1 8047 1 8040 1 8321 1 8235 1 8387 1 8227 1 8048 1 8244 1 8041 1 8388 1 8049 1 8228 1 8042 1 8050 1 8229 1 8051 1 8043 1 8044 1 
1402 -1 false - Inventory 402 - 8325 1 8216 1 8230 1 8217 1 8389 1 8392 1 8380 1 8218 1 8375 1 8219 1 8381 1 8231 1 8220 1 8376 1 8326 1 8382 1 8221 1 8390 1 8393 1 8222 1 8383 1 8377 1 8232 1 8391 1 8378 1 8327 1 8394 1 8379 1 
1403 -1 false - Inventory 403 - 8316 1 8322 1 8317 1 8323 1 8052 1 8334 1 8324 1 8341 1 8354 1 8348 1 8335 1 8336 1 8342 1 8053 1 8337 1 8338 1 8343 1 8355 1 8349 1 8318 1 8339 1 8340 1 8344 1 8128 1 8125 1 8345 1 8356 1 8126 1 8129 1 8350 1 8054 1 8346 1 8127 1 8130 1 8347 1 
1404 -1 false - Inventory 404 - 8162 1 8023 1 8028 1 8165 1 8156 1 8159 1 8153 1 8024 1 8029 1 8166 1 8160 1 8025 1 8163 1 8030 1 8167 1 8157 1 8154 1 8161 1 8026 1 8158 1 8155 1 8164 1 8027 1 
1405 -1 false - Inventory 405 - 8168 1 8096 1 8169 1 8173 1 8097 1 8170 1 8174 1 8098 1 8171 1 8175 1 8176 1 8177 1 8196 1 8203 1 8197 1 8204 1 8178 1 8198 1 8205 1 8192 1 8213 1 8210 1 8199 1 8206 1 8172 1 8214 1 8211 1 8200 1 8193 1 8207 1 8179 1 8194 1 8201 1 8208 1 8215 1 8212 1 8202 1 8209 1 8195 1 
1406 -1 false - Inventory 406 - 8236 1 8237 1 8099 1 8249 1 8238 1 8100 1 8351 1 8252 1 8328 1 8331 1 8352 1 8101 1 8332 1 8329 1 8353 1 8258 1 8306 1 8364 1 8307 1 8365 1 8330 1 8333 1 8255 1 8308 1 8366 1 8259 1 
1407 -1 false - Inventory 407 - 8062 1 8070 1 8055 1 8057 1 8056 1 8069 1 8079 1 8082 1 8076 1 8063 1 8071 1 8064 1 8072 1 8080 1 8058 1 8060 1 8059 1 8065 1 8073 1 8066 1 8074 1 8083 1 8081 1 8077 1 8075 1 8067 1 8061 1 8068 1 8084 1 8078 1 
1408 -1 false - Inventory 408 - 8370 1 8297 1 8302 1 8371 1 8298 1 8131 1 8303 1 8143 1 8372 1 8122 1 8132 1 8148 1 8138 1 8299 1 8144 1 8304 1 8133 1 8149 1 8300 1 8145 1 8139 1 8373 1 8134 1 8150 1 8305 1 8123 1 8146 1 8140 1 8301 1 8135 1 8151 1 8147 1 8374 1 8136 1 8141 1 8152 1 8124 1 8137 1 8142 1 
1409 -1 false - Inventory 409 - 8102 1 8085 1 8086 1 8267 1 8103 1 8087 1 8294 1 8095 1 8090 1 8091 1 8092 1 8093 1 8104 1 8268 1 8295 1 8088 1 8094 1 8105 1 8269 1 8106 1 8089 1 8296 1 8107 1 
1410 -1 false - Inventory 410 - 333 10 365 10 2289 10 6705 10 2003 10 
1411 -1 false - Inventory 411 - 1363 10 1365 10 1369 10 1277 10 1279 10 1281 10 1283 10 1285 10 1287 10 1291 10 1293 10 1295 10 1297 10 1299 10 1301 10 1205 10 1203 10 1207 10 1217 10 1209 10 1211 10 1422 10 1420 10 1424 10 1428 10 1430 10 1307 10 1309 10 1311 10 1313 10 1315 10 1317 10 1103 10 1101 10 1105 10 1139 10 1137 10 1141 10 
1412 -1 false - Inventory 412 - 115 10 121 10 133 10 
1413 -1 false - Inventory 413 - 5018 10 5016 10 8872 10 8880 10 8882 300 
1414 -1 false - Inventory 414 - 8952 10 8959 10 8991 10 8953 10 8960 10 8992 10 8954 10 8961 10 8993 10 8955 10 8962 10 8994 10 8956 10 8963 10 8995 10 8957 10 8964 10 8996 10 8958 10 8965 10 8997 10 8966 10 8967 10 8968 10 8969 10 8970 10 8971 10 8988 10 8940 30 8941 30 
1416 -1 false - Inventory 416 - 1931 30 1935 10 1735 10 1925 30 1923 10 1887 10 590 10 1755 10 2347 10 9003 10 229 10 15362 20 
1417 -1 false - Inventory 417 - 9068 10 9069 10 9070 10 9071 10 9072 10 9073 10 9074 10 1733 10 1734 1000 
1418 -1 false - Inventory 418 - 556 1000 555 1000 557 1000 554 1000 558 1000 559 1000 562 300 561 300 560 300 563 100 565 100 566 100 1391 20 1387 10 1383 10 1381 10 1385 10 9078 10 
1419 -1 false - Inventory 419 - 556 1000 555 1000 557 1000 554 1000 558 1000 559 1000 562 300 561 300 560 300 563 100 565 100 566 100 9075 100 1391 20 1387 10 1383 10 1381 10 1385 10 9078 10 
1427 -1 false - Inventory 427 - 9440 10 9442 10 9444 10 9446 10 9448 10 9450 0 9452 0 9420 10 9423 10 9425 10 9427 10 9429 0 9431 0 9174 0 9177 0 9179 0 9181 0 9183 0 9185 0 
1428 -1 false - Inventory 428 - 9440 10 9442 10 9444 10 9446 10 9448 10 9450 10 9452 0 9420 10 9423 10 9425 10 9427 10 9429 10 9431 0 9174 0 9177 0 9179 0 9181 0 9183 0 9185 0 
1429 -1 false - Inventory 429 - 9382 10 
1430 -1 false - Inventory 430 - 9375 10 9420 1 
1431 -1 false - Inventory 431 - 9377 10 9423 1 
1432 -1 false - Inventory 432 - 9378 10 9425 1 
1433 -1 false - Inventory 433 - 9379 10 9427 1 
1434 -1 false - Inventory 434 - 9416 1 
1435 -1 false - Inventory 435 - 9380 10 9429 1 
1436 -1 false - Inventory 436 - 9381 10 9431 1 
1440 -1 false - Inventory 440 - 9597 0 9598 0 9599 0 9600 0 9601 0 9602 0 9603 0 9604 0 9605 0 9606 0 9607 0 9608 0 9609 0 9610 0 9611 0 9612 0 9613 0 9614 0 9615 0 9616 0 9617 0 9618 0 9619 0 9620 0 9621 0 9622 0 9623 0 9624 0 
1441 -1 false - Inventory 441 - 1931 30 1935 10 1735 10 1925 30 1923 10 1887 10 590 10 1755 10 2347 10 550 10 9003 10 954 10 946 10 2114 0 1963 10 2108 0 1785 10 1783 0 401 0 1781 0 301 10 307 10 1941 10 9629 10 3226 10 1025 10 6014 0 
1442 995 false - Trader Sven - 9640 10 9642 10 9644 10 9634 10 9636 10 9638 10 
1443 -1 false - Inventory 443 - 5574 10 5576 10 5575 10 23122 10 9668 10 23125 10 
1444 -1 false - Inventory 444 - 5574 10 5576 10 5575 10 23122 10 9668 10 23125 10 9672 10 9676 10 9674 10 9678 10 9666 10 9670 10 
1446 -1 false - Inventory 446 - 10601 1 10602 1 10603 1 10604 1 10605 1 10606 1 10607 1 10608 1 10609 1 13658 1 13657 1 13656 1 14732 1 15336 1 15337 1 15338 1 15339 1 21478 1 
1447 -1 false - Inventory 447 - 10610 1 10611 1 10612 1 10614 1 10613 1 10615 1 10616 1 10617 1 10618 1 10619 1 10620 1 10621 1 10624 1 10623 1 10622 1 10628 1 10626 1 10625 1 10627 1 20050 1 10883 1 10945 1 11135 1 11274 1 11676 1 11675 1 11674 1 10165 1 
1448 -1 false - Inventory 448 - 10629 1 10630 1 10721 1 10631 1 10632 1 10633 1 10634 1 19777 1 20970 1 21050 1 21106 1 21178 1 21596 1 21887 1 21967 1 22047 1 22127 1 22568 1 22723 1 22643 1 22803 1 23124 1 23992 1 23912 1 
1449 -1 false - Inventory 449 - 19481 1 19484 1 19487 1 19490 1 19493 1 10680 1 10681 1 10686 1 10687 1 10690 1 10691 1 10692 1 10693 1 10694 1 10695 1 10738 1 10744 1 10740 1 10742 1 10746 1 10714 1 10715 1 10716 1 10717 1 10718 1 10750 1 10754 1 10752 1 11278 1 10165 1 
1450 -1 false - Inventory 450 - 10758 1 10760 1 10762 1 10764 1 10766 1 19482 1 19485 1 19488 1 19491 1 19494 1 10682 1 10683 1 10696 1 10697 1 10698 1 10768 1 10770 1 10772 1 10736 1 10748 1 10756 1 10689 1 13164 1 13169 1 13171 1 13173 1 13170 1 13172 1 13167 1 10165 1 
1451 -1 false - Inventory 451 - 19483 1 19486 1 19489 1 19492 1 19495 1 10684 1 10685 1 10688 1 10796 1 10798 1 10800 1 10802 1 10804 1 10806 1 10774 1 10776 1 10778 1 10780 1 10782 1 10719 1 10784 1 10788 1 10786 1 10792 1 10794 1 10790 1 11277 1 13165 1 13166 1 10165 1 
1452 -1 false - Inventory 452 - 10635 1 10636 1 10637 1 10638 1 10720 1 10639 1 10641 1 10640 1 10647 1 10648 1 10658 1 10654 1 10651 1 10661 1 10659 1 10657 1 10652 1 10649 1 10644 1 10655 1 10643 1 10642 1 10645 1 10653 1 10656 1 10650 1 10660 1 10646 1 10662 1 10165 1 
1453 -1 false - Inventory 453 - 10722 1 10723 1 10724 1 10725 1 10726 1 10727 1 10728 1 10729 1 9815 1 9816 1 10730 1 10731 1 10732 1 10733 1 10734 1 10735 1 11015 1 11016 1 11017 1 11018 1 11790 1 11949 1 12634 1 14086 1 14087 1 14088 1 14570 1 14595 1 14596 1 14713 1 10165 1 
1454 -1 false - Inventory 454 - 9829 1 9823 1 9826 1 9839 1 9836 1 9830 1 9817 1 9831 1 9824 1 9818 1 9827 1 9840 1 9837 1 9832 1 9819 1 9833 1 9825 1 9820 1 9828 1 9841 1 9838 1 9834 1 9821 1 9835 1 9822 1 
1455 -1 false - Inventory 455 - 954 10 1523 10 1755 10 946 10 5560 10 864 100 863 100 865 100 3095 100 3096 10 3097 10 9777 1 
1456 -1 false - Inventory 456 - 954 10 1523 10 1755 10 946 10 5560 10 864 100 863 100 865 100 3095 100 3096 10 3097 10 9778 1 
1457 -1 false - Inventory 457 - 1129 10 1131 10 1133 10 1095 10 1097 10 1169 10 1167 10 1063 10 9756 1 
1458 -1 false - Inventory 458 - 1129 10 1131 10 1133 10 1095 10 1097 10 1169 10 1167 10 1063 10 9757 1 
1459 -1 false - Inventory 459 - 9765 1 
1460 -1 false - Inventory 460 - 9766 1 
1461 -1 false - Inventory 461 - 4089 10 4091 10 4093 10 4095 10 4097 10 9762 1 
1462 -1 false - Inventory 462 - 4089 10 4091 10 4093 10 4095 10 4097 10 9763 1 
1463 -1 false - Inventory 463 - 19713 1 19726 1 19727 1 
1464 -1 false - Inventory 464 - 14834 150 954 120 303 120 946 100 
1465 -1 false - Inventory 465 - 5341 10 5343 10 5329 10 952 10 5325 10 5331 10 6032 10 6036 10 2026 10 1480 10 
1466 -1 false - Inventory 466 - 877 300 882 1000 884 100 886 0 888 0 890 0 892 0 4773 0 4778 0 4783 0 4788 0 4793 0 4798 0 4803 0 39 100 40 100 41 100 42 100 43 30 44 10 841 10 839 10 837 10 843 10 845 10 4827 10 1133 10 1097 10 9783 1 
1467 -1 false - Inventory 467 - 877 300 882 1000 884 100 886 0 888 0 890 0 892 0 4773 0 4778 0 4783 0 4788 0 4793 0 4798 0 4803 0 39 100 40 100 41 100 42 100 43 30 44 10 841 10 839 10 837 10 843 10 845 10 4827 10 1133 10 1097 10 9784 1 
1482 -1 false - Inventory 482 - 10065 1 10067 1 10053 1 10055 1 10057 1 10059 1 10061 1 10063 1 10075 1 10069 1 10045 1 10043 1 10041 1 10051 1 10049 1 10047 1 10039 1 10037 1 10035 1 10071 1 
1483 -1 false - Inventory 483 - 10010 10 10012 300 10025 300 10150 10 10006 30 10008 30 10029 10 596 10 10031 30 12539 0 
1484 -1 false - Inventory 484 - 10010 10 10012 300 10025 300 10150 10 10006 30 10008 30 10029 10 596 10 10031 30 12539 0 
1485 -1 false - Inventory 485 - 13163 1 13168 1 10166 1 
1486 -1 false - Inventory 486 - 19713 1 19723 1 19722 1 
1487 -1 false - Inventory 487 - 24108 1 24112 1 24110 1 24114 1 19496 1 19497 1 19498 1 19499 1 19500 1 19501 1 20949 1 20950 1 20951 1 20952 1 10166 1 
1488 -1 false - Inventory 488 - 12524 1 15706 1 19710 1 10663 1 10664 1 15474 1 20713 1 20735 1 20736 1 20737 1 20738 1 20739 1 20740 1 20741 1 20742 1 20743 1 20745 1 20746 1 20747 1 20748 1 21434 1 23639 1 24160 1 24161 1 24162 1 24163 1 24164 1 24165 1 10165 1 10166 1 
1489 995 false - Ava's Odds And Ends - 314 1000 884 1000 886 1000 40 1000 41 1000 
1491 -1 false - Inventory 491 - 1755 10 1592 10 1597 10 1595 10 1733 10 1734 1000 1599 10 2976 10 5523 10 11065 10 
1492 -1 false - Inventory 492 - 2309 10 1891 10 1901 10 1823 30 
1493 -1 false - Inventory 493 - 1205 10 1203 10 1207 10 1217 0 1209 10 1211 10 1213 10 1215 0 1321 10 1323 10 1325 10 
1494 -1 false - Inventory 494 - 1931 30 2169 10 5970 0 175 10 
1495 -1 false - Inventory 495 - 4684 10 1833 10 1835 10 1837 10 950 10 1734 1000 1733 10 
1496 -1 false - Inventory 496 - 19167 1 19188 1 19209 1 19230 1 19251 1 7362 1 7364 1 7390 1 7392 1 2583 1 2591 1 2631 1 2633 1 2635 1 2637 1 10366 1 10396 1 10392 1 10394 1 10398 1 10316 1 10318 1 10320 1 10322 1 10324 1 10404 1 10412 1 10408 1 11282 1 10165 1 
1497 -1 false - Inventory 497 - 13095 1 13105 1 10166 1 
1498 -1 false - Inventory 498 - 7319 1 7321 1 7323 1 7325 1 7327 1 19173 1 19194 1 19215 1 19236 1 19257 1 7370 1 7372 1 2577 1 2599 1 2607 1 2645 1 2647 1 2649 1 10364 1 10400 1 10416 1 2579 1 13097 1 13107 1 13111 1 13115 1 13109 1 13113 1 13103 1 10165 1 
1499 -1 false - Inventory 499 - 19713 1 19724 1 
1500 -1 false - Inventory 500 - 19179 1 19200 1 19221 1 19242 1 19263 1 7374 1 7376 1 7399 1 2581 1 2615 1 2623 1 2639 1 2641 1 2643 1 2651 1 2653 1 2661 1 2669 1 3481 1 10362 1 10458 1 10462 1 10460 1 10386 1 10378 1 10370 1 11280 1 13099 1 13101 1 10165 1 
1501 -1 false - Inventory 501 - 24108 1 24112 1 24110 1 24114 1 19272 1 19275 1 19278 1 19281 1 19284 1 19287 1 21258 1 21260 1 21262 1 21264 1 10166 1 
1502 -1 false - Inventory 502 - 946 10 2347 10 1734 1000 1733 10 4819 10 1351 10 1759 100 
1503 -1 false - Inventory 503 - 377 0 359 0 331 10 341 10 371 0 383 0 
1504 -1 false - Inventory 504 - 361 0 329 10 339 10 379 0 373 0 385 0 
1505 -1 false - Inventory 505 - 1109 10 1143 10 1159 10 1181 10 1197 10 1071 10 1085 10 1121 10 
1506 -1 false - Inventory 506 - 1299 10 1343 10 1369 10 3099 10 1315 10 
1507 -1 false - Inventory 507 - 436 10 438 10 440 0 442 0 453 0 444 0 447 0 449 0 
1508 -1 false - Inventory 508 - 10818 1000 10816 10 10814 10 
1509 -1 false - Inventory 509 - 3369 1 3371 1 3373 1 329 1 2003 1 3381 1 2142 1 361 1 7530 1 379 1 365 1 2325 1 2323 1 7178 1 7188 1 1891 1 1897 1 5988 1 6703 1 
1511 -1 false - Inventory 511 - 596 10 4525 0 4535 0 4546 0 5014 10 590 10 10973 0 4522 0 4537 0 4548 0 
1512 -1 false - Inventory 512 - 10954 10 10956 10 10958 10 
1513 -1 false - Inventory 513 - 596 10 590 10 1931 30 1935 10 1923 10 1887 10 954 10 1785 10 
1531 -1 false - Inventory 531 - 12130 10 12125 1000 12127 10 12183 65000 15262 65000 
1532 -1 false - Inventory 532 - 12204 10 12207 10 12210 0 12213 0 12216 0 12219 0 12222 0 12183 65000 12155 5000 15262 65000 
1533 -1 false - Inventory 533 - 590 10 2866 100 2878 10 314 1000 1351 10 954 10 1931 30 1925 30 2347 10 946 10 12561 10 12563 10 12565 10 12567 0 12568 0 12559 0 12570 0 
1534 -1 false - Inventory 534 - 2134 10 2132 300 2136 10 2142 10 2138 10 2140 10 3226 100 7224 0 7223 0 3228 10 2876 0 7230 0 2878 0 7228 0 7566 0 2337 0 9978 10 15365 6 9984 0 9980 0 9986 0 9992 0 9988 0 
1536 995 false - Beefy Bill's Supplies - 1931 30 1929 10 1937 10 2313 10 1887 10 590 10 1735 10 1951 10 1969 10 1949 10 1277 10 1173 10 841 10 882 30 
1537 -1 false - Inventory 537 - 19711 1 19803 1 19804 1 13185 1 13181 1 13184 1 13182 1 13187 1 13186 1 13183 1 14730 1 15519 1 15625 1 15624 1 20115 1 20792 1 21439 1 21462 1 21467 1 21472 1 21482 1 21485 1 22413 1 22949 1 24427 1 10166 1 
1538 -1 false - Inventory 538 - 4155 300 4156 10 4158 10 4160 3000 4161 1000 4162 10 4164 10 4166 10 4168 10 4170 10 4551 10 6664 1000 6696 1000 6720 10 7051 10 7159 10 7421 10 7432 1000 8923 10 10952 10 13278 3000 13279 3000 23035 10 
1547 -1 false - Inventory 547 - 36 10 38 10 
1549 -1 false - Inventory 549 - 14743 10 14745 10 14747 10 14749 10 14751 10 14753 10 14755 10 14757 10 14759 10 14761 10 14763 10 14765 10 14767 10 14769 10 14771 10 14773 10 14775 10 14777 10 14779 10 14781 10 14783 10 14785 10 14787 10 14789 10 14791 10 20179 10 20180 100 
1551 995 false - Faruq's Tools for Games - 15046 10 15078 10 15080 10 15082 10 15075 10 15056 10 15059 10 15061 10 15065 10 15067 10 15069 10 15073 10 15077 10 15484 10 
1553 -1 false - Inventory 553 - 590 1 2347 1 1205 1 
1554 -1 false - Inventory 554 - 1265 1 1351 1 
1555 -1 false - Inventory 555 - 1277 1 
1556 -1 false - Inventory 556 - 882 30 841 1 839 1 
1557 -1 false - Inventory 557 - 556 30 558 30 
1558 -1 false - Inventory 558 - 590 60000 596 10 1351 10 
1559 -1 false - Inventory 559 - 590 60000 596 10 1351 10 9804 1 
1560 -1 false - Inventory 560 - 590 60000 596 10 1351 10 9805 1 
1561 -1 false - Inventory 561 - 303 1 13431 1 
1562 -1 false - Inventory 562 - 303 5 307 10 309 10 13431 10 313 1000 314 1000 317 0 327 0 345 0 321 0 335 0 349 0 331 0 13435 0 
1564 -1 false - Inventory 564 - 11260 10 
1565 -1 false - Inventory 565 - 10150 1 10006 1 
1566 -1 false - Inventory 566 - 10150 1 10006 1 
1567 -1 false - Inventory 567 - 10010 5 10012 30 10150 5 10006 20 
1568 -1 false - Inventory 568 - 10010 5 10012 30 10150 5 10006 20 
1569 -1 false - Inventory 569 - 3105 30 
1570 -1 false - Inventory 570 - 1265 5 
1571 -1 false - Inventory 571 - 197 30 
1572 -1 false - Inventory 572 - 556 300 
1574 -1 false - Inventory 574 - 1755 10 1592 10 1597 10 1595 10 1733 10 1599 10 2976 10 5523 10 9434 10 11065 10 
1575 -1 false - Inventory 575 - 1523 2 4600 5 18644 100 590 10 954 10 
1576 995 false - Blackjack Seller - 4600 5 18644 100 590 10 954 10 
1577 -1 false - Inventory 577 - 1523 2 590 10 954 10 
1578 -1 false - Inventory 578 - 590 10 954 10 
1579 -1 false - Inventory 579 - 4587 10 
1580 -1 false - Inventory 580 - 1927 200 
1581 -1 false - Inventory 581 - 19502 1 19503 1 19504 1 19505 1 19506 1 19507 1 19513 1 19512 1 19511 1 19508 1 19510 1 19509 1 19515 1 19516 1 19514 1 19519 1 19518 1 19517 1 
1582 -1 false - Inventory 582 - 19290 1 19293 1 19296 1 19299 1 19302 1 19305 1 19335 1 19337 1 19342 1 19380 1 19384 1 19382 1 19413 1 19428 1 19398 1 19461 1 19453 1 19445 1 
1585 -1 false - Inventory 585 - 19713 1 
1586 -1 false - Inventory 586 - 19713 1 19714 1 
1587 -1 false - Inventory 587 - 19713 1 19715 1 
1588 -1 false - Inventory 588 - 19713 1 19716 1 
1589 -1 false - Inventory 589 - 19713 1 19718 1 19719 1 
1590 -1 false - Inventory 590 - 19713 1 19720 1 19721 1 
1591 -1 false - Inventory 591 - 19713 1 19725 1 
1592 -1 false - Inventory 592 - 19713 1 19728 1 
1593 -1 false - Inventory 593 - 19713 1 19729 1 
1594 -1 false - Inventory 594 - 19713 1 19730 1 
1595 -1 false - Inventory 595 - 19713 1 19731 1 
1596 -1 false - Inventory 596 - 19713 1 19732 1 
1597 -1 false - Inventory 597 - 19713 1 19717 1 
1598 -1 false - Inventory 598 - 19713 1 19733 1 
1599 -1 false - Inventory 599 - 19713 1 19734 1 
1600 -1 false - Inventory 600 - 1391 80 
1601 -1 false - Inventory 601 - 19805 1 19808 1 
1602 995 false - Wizard Mizgog - 1478 30 
1603 -1 false - Inventory 603 - 19965 30 10150 10 590 10 596 10 19994 100 20047 100 5341 10 952 10 5343 10 19922 10 19927 10 19932 10 5350 10 5325 10 6036 20 5329 10 5340 10 1925 100 5376 100 15366 100 20044 0 20045 0 19967 100 
1604 -1 false - Inventory 604 - 19967 100 
1605 -1 false - Inventory 605 - 1823 3 946 3 1833 1 1835 1 1837 1 
1606 -1 false - Inventory 606 - 1623 1 1621 1 1619 0 1617 0 
1607 -1 false - Inventory 607 - 1963 10 
1608 -1 false - Inventory 608 - 20211 0 20219 0 20227 0 20235 0 20243 0 20251 0 20212 0 20220 0 20228 0 20236 0 20244 0 20252 0 20213 0 20221 0 20229 0 20237 0 20245 0 20253 0 20214 0 20222 0 20230 0 20238 0 20246 0 20254 0 20215 0 20223 0 20231 0 20239 0 20247 0 20255 0 20216 0 20224 0 20232 0 20240 0 20248 0 20256 0 20217 0 20225 0 20233 0 20241 0 20249 0 20257 0 
1609 -1 false - Inventory 609 - 2520 10 2522 10 2524 10 2526 10 4613 10 12844 10 20179 10 20180 100 20720 50 20722 400 20716 10 20718 10 20725 10 20714 10 24144 10 24406 10 24408 10 24410 10 24412 10 24414 10 24416 10 
1619 -1 false - Inventory 619 - 1931 30 1935 10 1925 30 1923 10 590 10 1755 10 2347 10 1733 10 1734 1000 946 10 954 10 2132 100 2138 30 2134 10 2136 10 
1622 -1 false - Inventory 622 - 1935 3 233 2 946 2 1733 2 1734 50 590 2 1511 1 229 20 22452 40 22454 40 22456 40 
1623 -1 false - Inventory 623 - 995 0 
1624 -1 false - Inventory 624 - 22969 1 22972 1 22970 1 22971 1 10166 1 
1625 -1 false - Inventory 625 - 22552 1 22558 1 22554 1 22556 1 10166 1 
1628 -1 false - Inventory 628 - 12204 10 12207 10 12210 0 12213 0 12216 0 12219 0 12222 0 12183 65000 12155 5000 15262 65000 12158 0 2859 0 
1629 -1 false - Inventory 629 - 12183 7 12155 1 12158 1 2859 1 
1630 -1 false - Inventory 630 - 1265 10 
1631 -1 false - Inventory 631 - 1265 1 
1632 -1 false - Inventory 632 - 4155 300 4156 10 4158 10 4160 3000 4161 1000 4162 10 4164 10 4166 10 4168 10 4170 10 4551 10 6664 1000 6696 1000 6720 10 7051 10 7159 10 7421 10 7432 1000 8923 10 10952 10 23035 10 
1633 -1 false - Inventory 633 - 4155 300 4156 10 4158 10 4160 3000 4161 1000 4162 10 4164 10 4166 10 4168 10 4170 10 4551 10 6664 1000 6696 1000 6720 10 7051 10 7159 10 7421 10 7432 1000 8923 10 10952 10 13278 3000 13279 3000 23035 10 
1634 -1 false - Inventory 634 - 23035 1 
1635 -1 false - Inventory 635 - 229 10 15362 6 227 20 15363 40 233 10 221 10 15364 20 
1636 -1 false - Inventory 636 - 227 1 221 1 199 1 
1637 -1 false - Inventory 637 - 10010 10 10012 300 10150 10 10006 30 
1638 -1 false - Inventory 638 - 10006 1 
1639 -1 false - Inventory 639 - 2347 10 
1640 -1 false - Inventory 640 - 2347 1 
1641 -1 false - Inventory 641 - 554 300 555 300 556 300 557 300 558 100 559 100 562 30 560 10 
1642 -1 false - Inventory 642 - 556 30 558 30 1448 1 
1643 -1 false - Inventory 643 - 1351 10 1349 10 1353 10 
1644 -1 false - Inventory 644 - 1351 1 
1645 -1 false - Inventory 645 - 2313 10 1982 10 1887 10 1923 10 1942 10 590 10 1935 10 1931 30 1973 10 1933 500 1980 10 
1646 -1 false - Inventory 646 - 2313 1 1931 1 
1647 -1 false - Inventory 647 - 13431 10 303 40 307 10 313 10 
1648 -1 false - Inventory 648 - 313 10 
1649 -1 false - Inventory 649 - 1755 14 1733 10 1734 5 1925 10 1735 10 1592 1 1595 1 1597 1 11065 1 1599 1 5523 1 2976 10 9434 10 
1650 -1 false - Inventory 650 - 1734 10 1925 1 1931 1 
1651 -1 false - Inventory 651 - 596 10 590 10 
1652 -1 false - Inventory 652 - 590 1 
1654 -1 false - Inventory 654 - 2347 10 8794 10 
1655 -1 false - Inventory 655 - 19830 10 1173 10 1175 10 1103 10 1101 10 1139 10 1137 10 1117 10 1115 10 1075 10 1067 10 1087 10 1081 10 1129 10 1131 10 1095 10 1375 10 1363 10 1307 10 1309 10 1379 10 1389 10 882 30 841 1 839 1 
1656 -1 false - Inventory 656 - 2309 5 882 20 556 20 1067 5 
1657 -1 false - Inventory 657 - 1277 1 19830 1 
1658 -1 false - Inventory 658 - 946 10 314 100 39 15 
1659 -1 false - Inventory 659 - 314 15 39 15 
1660 -1 false - Inventory 660 - 5318 10 5319 10 5324 10 5322 10 5320 10 5323 10 5331 30 6032 300 5354 100 5343 10 5325 10 952 10 5329 10 5341 10 5345 10 1925 100 5418 10 15367 1 5376 10 15366 1 6036 10 12608 10 12622 10 1735 20 
1661 -1 false - Inventory 661 - 5318 3 1942 1 
1663 -1 false - Inventory 663 - 24127 50000 24133 50000 
1664 -1 false - Inventory 664 - 24167 1 24166 1 24168 1 24707 1 10166 1 
1667 -1 false - Inventory 667 - 24396 50 24398 50 24400 50 24402 50 
1668 -1 false - Inventory 668 - 24396 50 24398 50 24400 50 24402 50 24404 50 
1669 -1 false - Inventory 669 - 20179 10 20180 100 20720 50 20722 400 20716 10 20718 10 24406 100 24408 100 24410 100 24412 100 24414 100 24416 100 
